NAME : nk04
TYPE : VRPSPD_MC
DIMENSION : 16
VEHICLES : 7
CAPACITY : 70 70
EDGE_WEIGHT_TYPE : EXACT_2D


NODE_COORD_SECTION
1 45 45
2 73 4
3 54 61
4 73 1
5 26 59
6 62 35
7 83 20
8 4 66
9 62 41
10 9 31
11 46 5
12 53 17
13 77 45
14 48 53
15 36 86
16 33 58

PICKUP_AND_DELIVERY_SECTION
1 0 0 10000000 0 0 0 0 0
2 0 0 10000000 0 13 35 15 11
3 0 0 10000000 0 16 10 34 26
4 0 0 10000000 0 19 14 35 35
5 0 0 10000000 0 35 22 10 26
6 0 0 10000000 0 10 6 10 7
7 0 0 10000000 0 20 25 35 8
8 0 0 10000000 0 17 35 20 33
9 0 0 10000000 0 27 34 17 8
10 0 0 10000000 0 10 27 32 8
11 0 0 10000000 0 9 35 7 9
12 0 0 10000000 0 35 8 35 30
13 0 0 10000000 0 23 28 14 35
14 0 0 10000000 0 33 21 13 30
15 0 0 10000000 0 10 31 22 28
16 0 0 10000000 0 28 6 12 29

DEPOT_SECTION
1
-1
EOF
